00000000000000000000000000000000000000000000000000
00001100000000000000000000000000000000000000110000
00001100010000010000000000000000001000001000110000
00000000010000010000000000000000001000001000000000
00000000010000010000000000000000001000001000000000
00000000000000000000000000000000000000000000000000
00000000000111000000000000000000000011100000000000
00000000000000000000000000000000000000000000000000
00000000000000000000000000000000000000000000000000
00000000000000000000000000000000000000000000000000
00000000000000000000000000000000000000000000000000
00000001110000000000000000000000000000001110000000
00000000000000000000000000000000000000000000000000
00000000000000000000000000000000000000000000000000
00000000000000000000000000000000000000000000000000
00000000000000000000000000000000000000000000000000
00110000001000000000000000000000000000010000001100
00101000001000000000000000000000000000010000010100
00010000001000000000000000000000000000010000001000
00000000000000000000000000000000000000000000000000
00000000000000000000000000000000000000000000000000
00000000000000000000000000000000000000000000000000
00000000000000000000000000000000000000000000000000
00000000000000000010000000000001000000000000000000
00000000000000000101000000000010100000000000000000
00000000000000000101000000000010100000000000000000
00000000000000000010000000000001000000000000000000
00000000000000000000000000000000000000000000000000
00000000000000000000000000000000000000000000000000
00000000000000000000000000000000000000000000000000
00000000000000000000000000000000000000000000000000
00010000001000000000000000000000000000010000001000
00101000001000000000000000000000000000010000010100
00110000001000000000000000000000000000010000001100
00000000000000000000000000000000000000000000000000
00000000000000000000000000000000000000000000000000
00000000000000000000000000000000000000000000000000
00000000000000000000000000000000000000000000000000
00000001110000000000000000000000000000001110000000
00000000000000000000000000000000000000000000000000
00000000000000000000000000000000000000000000000000
00000000000000000000000000000000000000000000000000
00000000000000000000000000000000000000000000000000
00000000000111000000000000000000000011100000000000
00000000000000000000000000000000000000000000000000
00000000010000010000000000000000001000001000000000
00000000010000010000000000000000001000001000000000
00001100010000010000000000000000001000001000110000
00001100000000000000000000000000000000000000110000
00000000000000000000000000000000000000000000000000
