000000000011000000000000000000
000000000011000000000000000000
000000000000000000000000000000
000000000000001100000000000000
000000000000010010000000000000
000000000000000010000000000000
000000000000011000100000000000
000000000000000010100000000000
000000110000000010110000000000
001101101111000000100000000000
000111001000000001000000000000
000001110000000110000000000000
000000110000000100000000000000
000000000000000000000000000000
000000000000000000000000000000
000000000000000000000000000000
000000000000000001110000000000
000000000000000000000000000000
000000000000000000000000000000
000000000000110000000000000000
000000000000110000000000000000
000000000000000000000000000000
000000000000000000000000000000
000000000000000000000000000000
000000000000000000000000000000
000000000000000000000000000000
000000000000000000000000000000
000000000000000000000000000000
000000000000000000000000000000
000000000000000000000000000000
